1694291358
1746955537
1746956027
1746956513
1749296770
1754669298
1754839699
1754840184
1754840670
1754841153
1754841631
1754842110
1754842590
1754843069
1754843552
1754844034
1754844517
1755154756
1755163760
1755165147
1755205716
1755251679
1756319862
1756650385
1756707669
1756880457
1757053235
1757226036
1757398848
1757571641
1757744455
1757917248
1758090037
1758262854
1758435655
1758608445
1758781245
1758954023
1759126823
1759299648
1759472443
1759645227
1759818057
1759990849
1760163619
1760336457
1760509240
1760682041
1760854862
1761200459
1761373261
1761546050
1761718858
1761891655
1761978068
1762271487
1762275282
1762284811
1762323660
1762496476
1762669264
1762842076
1763014858
1763187653
1763360468
1763533276
1763706040
1763878866
1764051664
1764224459
1764397279
1764570076
1764742882
1764915682
1765661097
1767102052
1767901932
1767938557
1768112471
1768285266
1768458066
1768630878
1768803680
1768976489
1769149308
1769322122
1769494891
1769667722
1769840505
1769926883
1770099704
1770272491
1770445304
1770618131
1770790911
1770963693
1771136497
1771309305
1771482104
1771654917
1771827721
1772000512
1772173341
1772346128
1772518923
1772691722
1772864543
1773037302
1773210127
1773382923
1773555720
1773728514
1774990128
1775232815
1775375217
1775542879
1775715686
1775888478
1776061305
1776234088
1776406911
1776524363
1776579717
1776668155
1776752530
1776925317
1777098115
1777270918
1777443734
1784651411
1784665500
1784711300
1785079611
1785088909
1785137605
1785154848
1785264945
